Frequency Result Magnitude
0 (-19970,0) 19970
15 (-20286,459.693) 20291.2
31 (-20411.2,-497.275) 20417.3
46 (-20531.8,-897.524) 20551.4
62 (-20103.2,-1834.57) 20186.8
78 (-20770.9,-2546.64) 20926.4
93 (-22225.5,-2363.53) 22350.8
109 (-19854.3,-1787.83) 19934.6
125 (-21265.5,-5141.05) 21878.1
140 (-24965.3,-3204.03) 25170.1
156 (-21456.9,-8074.92) 22926
171 (-20971.3,-8415.11) 22596.7
187 (-21242.7,-8409.78) 22846.8
203 (-24128.7,-10360.6) 26259
218 (-24217.4,-11154.4) 26662.7
234 (-22362.6,-8743.84) 24011.3
250 (-23695.7,-10315.6) 25843.7
265 (-25241.3,-10663.9) 27401.5
281 (-24308.3,-10042) 26300.9
296 (-25351.5,-11590.8) 27875.5
312 (-24347.3,-15727) 28985
328 (-27199.6,-16333.3) 31726.9
343 (-28185.8,-16567.3) 32694.2
359 (-26900.3,-14986.4) 30793.2
375 (-29673.4,-17601.3) 34501
390 (-31539.7,-19617.7) 37143.1
406 (-31800.8,-22223.3) 38796.4
421 (-31985.3,-21926.7) 38779.4
437 (-30064.2,-23499.6) 38158.8
453 (-34265.6,-26101) 43074.3
468 (-37925.8,-27897.2) 47081
484 (-40401.6,-26220.9) 48164.5
500 (-37334.8,-27441.3) 46334.8
515 (-38205.5,-35580.5) 52207.6
531 (-44626.8,-42147.9) 61384
546 (-51444,-40551.6) 65505
562 (-48438,-40599.1) 63202.3
578 (-44825.3,-57636) 73015.2
593 (-58144.9,-80584.8) 99371.7
609 (-82997.2,-90069.2) 122479
625 (-89304.8,-87893.8) 125302
640 (-64282.5,-130737) 145686
656 (-77226.9,-292819) 302832
671 (-322289,-612071) 691738
687 (-1.56245e+06,-1.33905e+06) 2.05775e+06
703 (2.6968e+06,831833) 2.82217e+06
718 (523699,-19373.3) 524057
734 (134655,16128.1) 135617
750 (57837.2,96328.8) 112358
765 (77589.6,109350) 134080
781 (80513.4,75648.3) 110477
796 (61758.3,50080.6) 79512
812 (38242.1,50735.6) 63533.9
828 (40262.4,56715.7) 69553.8
843 (44485.4,48651.5) 65923.6
859 (44287.7,38392.4) 58612.1
875 (34053.3,36963.5) 50258.6
890 (30950.9,36148.6) 47588.7
906 (35212.2,35031.9) 49670.2
921 (33863.1,27421.1) 43573.2
937 (30901.3,22003.4) 37934.7
953 (25105.2,23474.8) 34370.5
968 (29926.5,22668.7) 37542.9
984 (29817,16904) 34275.4
1000 (27337.7,14275.5) 30840.5
1015 (24604.3,16418.4) 29579.3
1031 (25687.9,13363.2) 28955.9
1046 (27213.1,13787.5) 30506.6
1062 (27639.5,7149.35) 28549.2
1078 (26346.2,7179.25) 27306.9
1093 (24621,8528.33) 26056.2
1109 (30792.5,2418.85) 30887.4
1125 (27234.5,-1217.92) 27261.7
1140 (25196.6,1482.45) 25240.2
1156 (27380.6,1120.59) 27403.5
1171 (28303.9,-2667.31) 28429.3
1187 (28967.2,-6147.01) 29612.2
1203 (26158.8,-10147.6) 28058.1
1218 (26855.4,-8704.65) 28230.9
1234 (31105.1,-10486.6) 32825.2
1250 (32870.7,-14203.4) 35808.1
1265 (32560.7,-17158.5) 36805.1
1281 (33184,-18934.7) 38206
1296 (38811.2,-15152.4) 41664.2
1312 (44491,-21244.5) 49303
1328 (46130.3,-31791.4) 56024.1
1343 (42920.2,-31223.1) 53075.7
1359 (54146.2,-22455.1) 58617.7
1375 (78172.2,-28820.6) 83315.8
1390 (93082.9,-54032.9) 107629
1406 (88933.5,-72380.5) 114665
1421 (104340,-37609.2) 110911
1437 (248656,3253.48) 248678
1453 (646451,-118204) 657169
1468 (1.99066e+06,-1.25563e+06) 2.35358e+06
1484 (-1.44296e+06,2.13475e+06) 2.57668e+06
1500 (-149711,613811) 631804
1515 (-35535.5,216157) 219058
1531 (-83636,88965.5) 122106
1546 (-108480,81172.6) 135487
1562 (-90334,90856.6) 128122
1578 (-63304.4,74195.3) 97531.5
1593 (-54540.8,52764.8) 75886.9
1609 (-62473.5,44395.4) 76641.3
1625 (-58656.9,48928.2) 76384.6
1640 (-52663.7,48971.3) 71914.2
1656 (-44319.3,40176.1) 59819.1
1671 (-45308.9,36082) 57920.7
1687 (-45770,38500.4) 59809.5
1703 (-40214.6,37298.7) 54849
1718 (-34710.4,34973.9) 49274.6
1734 (-32873.4,29916.7) 44448.5
1750 (-35053.2,31005.4) 46798.1
1765 (-36404.6,32884.2) 49057.8
1781 (-30200,31055.9) 43318.7
1796 (-29952.5,28137.8) 41096.1
1812 (-29193.6,28473.2) 40779.8
1828 (-28916.5,25738.6) 38712.3
1843 (-28258.3,25707.4) 38202.1
1859 (-24217.4,24468) 34426.2
1875 (-24106.9,25422) 35034.6
1890 (-23117.6,22391.3) 32183.8
1906 (-23295.9,23597.5) 33159.3
1921 (-21488.9,21905) 30685.5
1937 (-20596.1,20153.2) 28815.8
1953 (-22847.1,21104.1) 31102.6
1968 (-23318.8,21185.2) 31505.2
1984 (-20945.2,20951.9) 29625.7
2000 (-20984,19460) 28618.5
2015 (-19559.8,20512.8) 28343.6
2031 (-20311.5,18406.5) 27410.9
2046 (-17976.4,16726.3) 24554.5
2062 (-18923.1,18039.6) 26144
2078 (-17781.3,17263.8) 24783.3
2093 (-18580.1,13520) 22978.4
2109 (-20356,18404.6) 27442.6
2125 (-21030.9,15482.5) 26115.2
2140 (-20173.9,16521.1) 26075.5
2156 (-18049,14969.9) 23449.2
2171 (-17455.4,14030.3) 22395.1
2187 (-18051,15237.8) 23622.6
2203 (-19009.5,13545.6) 23341.9
2218 (-18798.1,14300.8) 23619.5
2234 (-17838.4,12818.2) 21966.2
2250 (-16335.7,12219.9) 20400.5
2265 (-17127.4,13631.2) 21889.7
2281 (-16593.1,13160) 21178.2
2296 (-16786.5,13574) 21587.9
2312 (-17640.5,13073.8) 21957
2328 (-17955.9,12159.5) 21685.7
2343 (-17300.5,10301.5) 20135.3
2359 (-16057.5,12292.6) 20222.5
2375 (-14420.5,11151.5) 18229.3
2390 (-16379.3,11162.4) 19821.2
2406 (-17279.1,9900.35) 19914.4
2421 (-16670.5,8749.1) 18826.9
2437 (-16640,8798.46) 18823
2453 (-16131.9,12245.2) 20253
2468 (-13051.3,9764.85) 16300
2484 (-16712.5,9889.66) 19419.4
2500 (-12689.5,9283.89) 15723
2515 (-15577.6,9510.92) 18251.5
2531 (-13456.4,9883.41) 16696
2546 (-14800.2,8797.86) 17217.6
2562 (-13238.8,8821.74) 15908.8
2578 (-14231.2,9470.58) 17094.4
2593 (-14485.4,9887.28) 17538.1
2609 (-13579.8,9189.08) 16396.7
2625 (-14812.2,8859.03) 17259.3
2640 (-15265.5,8581.64) 17512.3
2656 (-13688.7,7743.41) 15727
2671 (-15790.7,10416.4) 18916.8
2687 (-15614.8,7385.05) 17273.1
2703 (-12811,7037.28) 14616.6
2718 (-14398.8,7979.17) 16461.9
2734 (-16897.1,7641.51) 18544.7
2750 (-14256.2,7680.79) 16193.7
2765 (-14402.5,8405.67) 16675.9
2781 (-12817.2,5518.02) 13954.6
2796 (-13506.3,5845.06) 14716.8
2812 (-14435.5,6507.61) 15834.5
2828 (-16267.9,8114.32) 18179.3
2843 (-12431.2,6527.71) 14040.8
2859 (-13575.8,7586.42) 15551.7
2875 (-13863.5,8720.75) 16378.3
2890 (-11073.4,6594.84) 12888.4
2906 (-12785.3,6546.87) 14364.1
2921 (-13469.7,5076) 14394.4
2937 (-14126.3,5568.11) 15184.1
2953 (-15861.2,6247.51) 17047.2
2968 (-13704.9,7919.28) 15828.4
2984 (-14319.8,5584.07) 15370
3000 (-12435.7,4533.52) 13236.3
3015 (-15135.9,5202.26) 16004.9
3031 (-14120.4,7957.14) 16208.1
3046 (-15992.7,6517.02) 17269.6
3062 (-9459.23,3869.09) 10219.9
3078 (-13364.1,6215.36) 14738.7
3093 (-15023.8,5859.47) 16126
3109 (-14322.2,5720.13) 15422.2
3125 (-14752.8,4176.35) 15332.5
3140 (-13506.4,4154.49) 14130.9
3156 (-11855.8,3989.92) 12509.1
3171 (-14002.6,2494.52) 14223
3187 (-13175.4,3958.31) 13757.2
3203 (-14924.9,5415.42) 15877
3218 (-14897.7,3275.86) 15253.6
3234 (-12397.8,3180.59) 12799.3
3250 (-14421.1,4510.77) 15110.1
3265 (-15034.3,3352.01) 15403.5
3281 (-13267.5,3366.32) 13687.9
3296 (-11551.2,4865.26) 12534
3312 (-11715.5,3702.04) 12286.5
3328 (-14304.5,2670.11) 14551.5
3343 (-14645.9,5186.89) 15537.3
3359 (-13786.8,2446.17) 14002.2
3375 (-15007.5,2633.76) 15236.9
3390 (-10998,3128.64) 11434.3
3406 (-12651,4536.18) 13439.6
3421 (-12646.5,815.723) 12672.8
3437 (-12083.7,3618.67) 12613.9
3453 (-14741.5,920.404) 14770.2
3468 (-13064.8,2201.36) 13248.9
3484 (-12668.9,502.883) 12678.8
3500 (-14392.4,2940.12) 14689.7
3515 (-12716.7,1766.56) 12838.8
3531 (-12399.2,2725.83) 12695.3
3546 (-12074.3,3732.63) 12638.1
3562 (-12149.3,3268.18) 12581.2
3578 (-11050,297.373) 11054
3593 (-13700.7,-158.086) 13701.7
3609 (-13506.5,-751.629) 13527.4
3625 (-13798.4,2646.4) 14049.9
3640 (-11069.4,2899.73) 11442.9
3656 (-11651.8,2044.71) 11829.9
3671 (-15315.8,808.564) 15337.1
3687 (-12411.5,1443.92) 12495.2
3703 (-12183.1,3039.66) 12556.6
3718 (-12179.2,1780.04) 12308.6
3734 (-13968.1,1742.36) 14076.4
3750 (-13577.9,500.693) 13587.2
3765 (-12813.6,1881.95) 12951.1
3781 (-12828.6,2579.92) 13085.5
3796 (-12166.2,540.503) 12178.2
3812 (-10629.9,-442.94) 10639.1
3828 (-13073.4,766.169) 13095.8
3843 (-12135.9,120.133) 12136.5
3859 (-10621.2,1483.49) 10724.3
3875 (-13630.8,634.088) 13645.5
3890 (-13070.3,371.323) 13075.5
3906 (-13830.4,-331.509) 13834.4
3921 (-15695.4,-516.234) 15703.9
3937 (-11839.2,1101.27) 11890.3
3953 (-11382.8,-672.229) 11402.6
3968 (-13241.8,-2208.83) 13424.8
3984 (-12275.6,1718.78) 12395.4
