Frequency Result Magnitude
0 (10749,0) 10749
15 (11125,-2010.22) 11305.2
31 (8229.57,-1658.26) 8394.98
46 (9456.5,-756.899) 9486.74
62 (11333,-3728.46) 11930.6
78 (11192.4,-4499.36) 12062.9
93 (10230.2,-882.413) 10268.2
109 (12227.9,-3396.64) 12690.9
125 (11325.7,-5204.48) 12464.3
140 (9649.51,-4911.36) 10827.5
156 (8819.87,-6270.42) 10821.7
171 (10133.9,-5310.28) 11441
187 (9190.74,-6088.62) 11024.6
203 (10545.4,-8563.63) 13584.6
218 (10483.9,-5962.69) 12061
234 (11859.6,-8459.84) 14567.8
250 (11759.9,-7601.53) 14002.8
265 (12688.3,-7745.85) 14865.8
281 (11923.3,-11612.4) 16643.7
296 (11062.6,-10433.1) 15206.3
312 (10047.7,-11490.6) 15264
328 (10685.6,-12222) 16234.6
343 (14089,-11520.6) 18199.6
359 (12276.9,-14155.4) 18737.6
375 (12701.5,-17808.3) 21873.8
390 (10815,-17034.2) 20177.4
406 (10964.2,-13653.7) 17511
421 (11912.9,-18310.2) 21844.5
437 (16617.1,-18039.2) 24526.3
453 (13659,-21012.5) 25061.8
468 (15326.3,-23545) 28093.8
484 (12726.9,-24124.3) 27275.5
500 (15900,-26566.4) 30961
515 (18505.1,-27490.3) 33138.4
531 (15240.9,-30477.7) 34076
546 (13993.9,-33796.2) 36578.9
562 (15944,-33758.7) 37334.5
578 (22063.9,-36588.6) 42726.3
593 (23458.6,-44078.4) 49932.1
609 (21452,-51300.4) 55605
625 (17925.2,-57177.2) 59921.2
640 (18363.1,-55145.2) 58122.2
656 (32825.4,-57896.5) 66554.6
671 (42797.7,-79389.4) 90190.4
687 (36522.4,-109292) 115233
703 (13822.8,-123824) 124593
718 (9633.37,-103863) 104309
734 (96495.6,-75051.9) 122246
750 (419702,-161827) 449819
765 (2.65581e+06,-1.83236e+06) 3.22659e+06
781 (-923279,1.23652e+06) 1.54319e+06
796 (-207930,635205) 668371
812 (-19929,375050) 375579
828 (15074.7,218873) 219392
843 (-1381.75,141397) 141403
859 (-16894.5,120713) 121889
875 (-13831.3,116476) 117294
890 (-428.713,105651) 105652
906 (5883,90208.7) 90400.3
921 (2525.62,71637.7) 71682.2
937 (1579.26,64977.5) 64996.7
953 (900.156,66558.4) 66564.5
968 (6784.48,64484.2) 64840.2
984 (7788.65,56938.5) 57468.7
1000 (13225.6,50813.4) 52506.3
1015 (9097.02,48329.6) 49178.3
1031 (11566.7,49080.2) 50424.7
1046 (11396.5,46936.6) 48300.3
1062 (13762.4,42810.8) 44968.5
1078 (15887,40696.6) 43687.6
1093 (15933.9,37021.5) 40304.8
1109 (16310.4,38933.7) 42212.1
1125 (18379.3,39482.8) 43551
1140 (22735.9,37131.9) 43539.6
1156 (25313.9,35308.1) 43444.9
1171 (22857.9,35243.1) 42006.7
1187 (23959.7,34370.6) 41897.6
1203 (29416.5,34938.8) 45673.3
1218 (31252.1,33526) 45833.2
1234 (34721.3,32620.2) 47640.8
1250 (34677.4,30468) 46160.9
1265 (35974.2,37804) 52185.1
1281 (43532.8,39591.2) 58843.6
1296 (48867.9,36065.7) 60735.5
1312 (55508.3,31439.7) 63793.7
1328 (52499.5,34905.9) 63044.6
1343 (61754.6,44918.9) 76363.2
1359 (76224.1,52329) 92457.8
1375 (100116,50171.1) 111984
1390 (113592,41452.6) 120919
1406 (115343,48834.8) 125255
1421 (131787,104935) 168461
1437 (244750,224128) 331867
1453 (614097,375710) 719912
1468 (2.29497e+06,600354) 2.37219e+06
1484 (-2.59826e+06,157627) 2.60304e+06
1500 (-662794,237032) 703904
1515 (-268644,140253) 303052
1531 (-149247,44658) 155785
1546 (-126484,-3494.35) 126532
1562 (-125897,-5444.49) 126014
1578 (-114043,11268.1) 114598
1593 (-93214.4,16408.1) 94647.5
1609 (-75507.4,13375.8) 76683
1625 (-68095.1,4972.92) 68276.5
1640 (-67738,4095.38) 67861.7
1656 (-63871.9,6163.49) 64168.6
1671 (-56731.1,9112.4) 57458.3
1687 (-50719.1,9544.41) 51609.4
1703 (-46905.6,6545.13) 47360.1
1718 (-46890.4,4430.96) 47099.3
1734 (-45120.2,6408.59) 45573.1
1750 (-41908,6224.78) 42367.8
1765 (-39355.1,9102.58) 40394.1
1781 (-37575.4,6094.56) 38066.4
1796 (-37487.8,5227.52) 37850.5
1812 (-36606.8,5703.95) 37048.5
1828 (-35291.4,8161.36) 36222.8
1843 (-32878.6,8198.35) 33885.3
1859 (-29786,5771.11) 30339.9
1875 (-28868,5879.99) 29460.7
1890 (-30447.2,6032.58) 31039.1
1906 (-28107.1,6624.59) 28877.3
1921 (-28730.3,6881.27) 29542.9
1937 (-27031,7519.09) 28057.3
1953 (-28589.5,5721.31) 29156.3
1968 (-29261.4,7522.33) 30212.9
1984 (-24894.3,5234.07) 25438.6
2000 (-25094,5111) 25609.2
2015 (-24824.1,6357.81) 25625.4
2031 (-25195.6,5930.77) 25884.2
2046 (-24720.7,6764.88) 25629.6
2062 (-22880.6,6905.94) 23900
2078 (-21843.5,5303.34) 22478
2093 (-19530,3935.21) 19922.5
2109 (-23456.7,5934.51) 24195.8
2125 (-21962.1,6045.6) 22779
2140 (-19841.4,5653.12) 20631
2156 (-20597,5682.59) 21366.5
2171 (-20959.5,7578.12) 22287.4
2187 (-19464.5,5771) 20302
2203 (-22401,5350.3) 23031.1
2218 (-19159.8,6247.09) 20152.5
2234 (-19634.7,3929.03) 20023.9
2250 (-19103.5,6898.87) 20311
2265 (-18236.5,5793.07) 19134.6
2281 (-16831,4487.75) 17419
2296 (-20007.9,5602.45) 20777.5
2312 (-17861.7,5509.06) 18692
2328 (-17998.7,5013.02) 18683.8
2343 (-17868.4,4874.7) 18521.4
2359 (-17377.3,3241.41) 17677
2375 (-16975.5,3681.47) 17370.1
2390 (-15472.8,5024.76) 16268.2
2406 (-15705.2,4615.33) 16369.3
2421 (-13989.5,4989.39) 14852.6
2437 (-16384.3,4377.77) 16959
2453 (-14618,5372.58) 15574.1
2468 (-17668,4858.37) 18323.8
2484 (-17347.6,4067.84) 17818.1
2500 (-16740.4,4831.82) 17423.8
2515 (-13689.1,3439.28) 14114.5
2531 (-16996.8,3480.31) 17349.5
2546 (-16281.4,3385.2) 16629.6
2562 (-14391.3,4222.18) 14997.8
2578 (-15318.4,4992.68) 16111.5
2593 (-15999.1,3575.86) 16393.8
2609 (-14425.4,4249.93) 15038.4
2625 (-16887.4,4385.15) 17447.4
2640 (-16730.2,5139.02) 17501.7
2656 (-15414.5,5601.63) 16400.8
2671 (-14006.1,4219.12) 14627.8
2687 (-15475.3,4013.35) 15987.3
2703 (-13346.4,3237.39) 13733.4
2718 (-14494.2,2291.94) 14674.3
2734 (-14249.4,6252.13) 15560.7
2750 (-14945,1332.01) 15004.2
2765 (-14592.7,1533.09) 14673
2781 (-15214.2,5936.97) 16331.6
2796 (-15137.2,1918.53) 15258.3
2812 (-12222.5,2513.45) 12478.3
2828 (-14192.6,1660.66) 14289.4
2843 (-12083,3332.47) 12534.1
2859 (-15307.8,1085.51) 15346.3
2875 (-13016.5,2521.68) 13258.5
2890 (-13971.2,4698.39) 14740.1
2906 (-12783.6,3745.97) 13321.1
2921 (-13345.5,3211.85) 13726.5
2937 (-11868.5,4691.63) 12762.2
2953 (-13288.8,2630.58) 13546.6
2968 (-12302.4,4609.46) 13137.6
2984 (-13125,3668.8) 13628.1
3000 (-10681.6,4161.36) 11463.6
3015 (-12621.8,1050.83) 12665.5
3031 (-13490.1,2037.54) 13643.2
3046 (-13865.7,1876.35) 13992.1
3062 (-12554.7,3101.64) 12932.1
3078 (-12947.9,1017.35) 12987.8
3093 (-12471.1,2239.23) 12670.6
3109 (-11886.3,2193.24) 12086.9
3125 (-13494.9,1383.03) 13565.5
3140 (-12055,1792.39) 12187.6
3156 (-12686.9,1487.69) 12773.8
3171 (-13472.8,1508.57) 13557
3187 (-13035.7,1752.52) 13153
3203 (-9886.6,1186.34) 9957.52
3218 (-13423.7,46.0974) 13423.8
3234 (-12940.6,2337.26) 13150
3250 (-14899.5,2490.33) 15106.2
3265 (-11748.3,495.681) 11758.8
3281 (-13287.5,1424.69) 13363.7
3296 (-12372.9,-382.637) 12378.9
3312 (-10158.3,2609.71) 10488.1
3328 (-11554.6,2511.24) 11824.3
3343 (-12228.7,1957.58) 12384.4
3359 (-12247.8,171.281) 12249
3375 (-14566.2,4838.54) 15348.8
3390 (-13657.2,1050.6) 13697.6
3406 (-13363.5,2265.33) 13554.2
3421 (-13910.3,1635.79) 14006.2
3437 (-12247.2,1473.58) 12335.5
3453 (-11362.9,1974.85) 11533.3
3468 (-10918.7,-193.011) 10920.4
3484 (-11225.5,1094.27) 11278.7
3500 (-11209.6,-874.997) 11243.7
3515 (-10840.6,-695.954) 10862.9
3531 (-11656.1,1774.91) 11790.4
3546 (-11620.3,2871.62) 11969.8
3562 (-12460.7,176.302) 12462
3578 (-13234.8,2771.79) 13522
3593 (-13245.9,-346.347) 13250.4
3609 (-11349.5,1544.16) 11454
3625 (-13403.4,1848.44) 13530.3
3640 (-10369.9,3110.85) 10826.4
3656 (-10383.7,1396.98) 10477.3
3671 (-11942.7,1628.86) 12053.3
3687 (-13649.6,-544.091) 13660.4
3703 (-10036.3,-532.586) 10050.5
3718 (-9596.97,2665.5) 9960.26
3734 (-12246.5,1647.47) 12356.8
3750 (-12810.9,2366.22) 13027.6
3765 (-10861.7,513.443) 10873.8
3781 (-13757.6,763.828) 13778.8
3796 (-13341.8,-667.483) 13358.5
3812 (-11306,10.0674) 11306
3828 (-11958.4,3087.39) 12350.5
3843 (-10143.1,-1255.12) 10220.5
3859 (-10929.1,2028.52) 11115.7
3875 (-13043.6,-2200.1) 13227.9
3890 (-12197.3,1978.42) 12356.7
3906 (-11190.7,2745.52) 11522.6
3921 (-12791.6,670.842) 12809.2
3937 (-12255.4,655.093) 12272.9
3953 (-9523.06,13.0109) 9523.07
3968 (-10655.2,-162.183) 10656.4
3984 (-12077.7,240.409) 12080.1
