Frequency Result Magnitude
0 (-19969,0) 19969
15 (-20289.1,460.384) 20294.3
31 (-20409.3,-499.557) 20415.4
46 (-20530.2,-898.295) 20549.8
62 (-20101.4,-1834.11) 20184.9
78 (-20768,-2547.63) 20923.7
93 (-22223.6,-2363.69) 22349
109 (-19854.2,-1789.33) 19934.7
125 (-21263,-5142.87) 21876.1
140 (-24967.9,-3205.25) 25172.8
156 (-21457.7,-8075.25) 22926.9
171 (-20969.3,-8415.69) 22595
187 (-21240.4,-8408.58) 22844.2
203 (-24127.2,-10360.2) 26257.5
218 (-24214.6,-11154.4) 26660.2
234 (-22360.1,-8743.43) 24008.8
250 (-23691.7,-10315.5) 25840
265 (-25240.8,-10665) 27401.5
281 (-24309.1,-10042.7) 26301.8
296 (-25349.5,-11591.1) 27873.8
312 (-24344.2,-15727.3) 28982.5
328 (-27195.9,-16326.9) 31720.5
343 (-28184.9,-16568.9) 32694.3
359 (-26905.6,-14984.1) 30796.7
375 (-29675.8,-17604.7) 34504.7
390 (-31542.4,-19617.3) 37145.1
406 (-31800.4,-22224.2) 38796.7
421 (-31985.5,-21925.5) 38778.9
437 (-30062.1,-23499.8) 38157.2
453 (-34262.1,-26102.4) 43072.3
468 (-37921.3,-27899.6) 47078.8
484 (-40401.3,-26219.8) 48163.7
500 (-37333,-27441) 46333.2
515 (-38203,-35579.5) 52205.1
531 (-44626.8,-42149.4) 61385.1
546 (-51441.7,-40550.5) 65502.6
562 (-48436.4,-40599.3) 63201.2
578 (-44825.6,-57636.4) 73015.7
593 (-58143.5,-80585.9) 99371.8
609 (-82995,-90068.3) 122476
625 (-89305.2,-87893.1) 125302
640 (-64280.9,-130736) 145685
656 (-77225.8,-292818) 302831
671 (-322287,-612071) 691736
687 (-1.56245e+06,-1.33905e+06) 2.05774e+06
703 (2.6968e+06,831833) 2.82217e+06
718 (523700,-19373.6) 524059
734 (134656,16128.3) 135618
750 (57837.2,96329.4) 112359
765 (77590.4,109350) 134081
781 (80513.5,75649.1) 110477
796 (61760.3,50080.7) 79513.6
812 (38243.3,50735.2) 63534.3
828 (40264.5,56718) 69556.9
843 (44486.8,48652.4) 65925.2
859 (44291.6,38395.4) 58617
875 (34052.4,36962.1) 50257
890 (30951.5,36148.9) 47589.3
906 (35212,35032.4) 49670.5
921 (33867.3,27418) 43574.5
937 (30900.2,22004.4) 37934.4
953 (25105,23473.4) 34369.5
968 (29929,22669.4) 37545.3
984 (29821.3,16913.3) 34283.6
1000 (27334.7,14277.7) 30838.9
1015 (24613.5,16419.9) 29587.8
1031 (25691.3,13363) 28958.8
1046 (27218.8,13785.6) 30510.7
1062 (27639.1,7151.68) 28549.4
1078 (26343.6,7174.84) 27303.2
1093 (24617,8521.36) 26050.2
1109 (30791,2414.41) 30885.6
1125 (27233.6,-1216.16) 27260.8
1140 (25201.4,1478.48) 25244.8
1156 (27388.8,1118.67) 27411.7
1171 (28309.8,-2663.87) 28434.8
1187 (28967,-6138.43) 29610.2
1203 (26153.8,-10147.2) 28053.3
1218 (26859.9,-8711.78) 28237.4
1234 (31102.4,-10481.9) 32821.2
1250 (32884.6,-14198.9) 35819
1265 (32570,-17152.1) 36810.3
1281 (33188.7,-18935.2) 38210.4
1296 (38823,-15156.5) 41676.6
1312 (44499.9,-21232.8) 49305.9
1328 (46134.2,-31792.6) 56028
1343 (42920.4,-31225.6) 53077.3
1359 (54138.3,-22445.8) 58606.9
1375 (78161.5,-28826) 83307.6
1390 (93097.1,-54036.2) 107643
1406 (88949.1,-72371.7) 114672
1421 (104344,-37624.4) 110920
1437 (248648,3260.24) 248669
1453 (646461,-118212) 657180
1468 (1.99066e+06,-1.25563e+06) 2.35358e+06
1484 (-1.44296e+06,2.13476e+06) 2.57669e+06
1500 (-149705,613816) 631809
1515 (-35537.6,216178) 219080
1531 (-83638.6,88966.2) 122108
1546 (-108475,81166.2) 135480
1562 (-90328,90877) 128132
1578 (-63304.5,74195.2) 97531.4
1593 (-54531.3,52760.9) 75877.4
1609 (-62486.5,44424.1) 76668.5
1625 (-58647.1,48934.4) 76381.1
1640 (-52666.2,48977.2) 71920.1
1656 (-44323.3,40184.9) 59827.9
1671 (-45319.7,36092.3) 57935.5
1687 (-45774.4,38498.2) 59811.4
1703 (-40228.4,37271.3) 54840.5
1718 (-34721.1,34979.9) 49286.4
1734 (-32889.9,29902.2) 44450.9
1750 (-35045.2,31008.9) 46794.4
1765 (-36415.2,32888.2) 49068.3
1781 (-30195.9,31059.5) 43318.5
1796 (-29947.3,28121.9) 41081.4
1812 (-29186.5,28465) 40769
1828 (-28906.1,25747.9) 38710.7
1843 (-28260.1,25710.9) 38205.8
1859 (-24196.7,24460.2) 34406.1
1875 (-24110.8,25428.7) 35042
1890 (-23107.8,22392) 32177.2
1906 (-23305.1,23587.1) 33158.4
1921 (-21483.5,21903.6) 30680.7
1937 (-20593.8,20156) 28816.1
1953 (-22848.6,21105.1) 31104.4
1968 (-23333,21187.2) 31517.1
1984 (-20959.2,20954.2) 29637.2
2000 (-20996,19467) 28632.1
2015 (-19545.8,20517.7) 28337.5
2031 (-20310.8,18404.6) 27409.1
2046 (-17984.8,16724) 24559
2062 (-18935,18033) 26148.1
2078 (-17778.2,17267.6) 24783.8
2093 (-18573.9,13524.6) 22976.2
2109 (-20348.1,18424.8) 27450.3
2125 (-21024.1,15482.3) 26109.7
2140 (-20171.6,16511.6) 26067.8
2156 (-18048.4,14983.2) 23457.3
2171 (-17451.6,14030.1) 22392
2187 (-18042.4,15251) 23624.6
2203 (-18999.9,13542.2) 23332.1
2218 (-18797.7,14299.4) 23618.3
2234 (-17834.6,12822.6) 21965.7
2250 (-16340.1,12223.9) 20406.4
2265 (-17124.8,13624.4) 21883.4
2281 (-16591.3,13161.6) 21177.8
2296 (-16778.7,13577.3) 21584
2312 (-17635.5,13072) 21951.9
2328 (-17967.4,12158) 21694.4
2343 (-17301.4,10295.2) 20132.8
2359 (-16069.4,12291.3) 20231.2
2375 (-14419.6,11157.6) 18232.3
2390 (-16384.4,11157) 19822.4
2406 (-17261.8,9904.27) 19901.3
2421 (-16673,8753.03) 18830.9
2437 (-16637.2,8790.78) 18816.8
2453 (-16137.6,12229.2) 20247.8
2468 (-13052.4,9773.84) 16306.3
2484 (-16706.6,9882.83) 19410.8
2500 (-12692.6,9272.71) 15718.9
2515 (-15563.2,9507.31) 18237.4
2531 (-13442,9879.9) 16682.3
2546 (-14768.2,8796.21) 17189.3
2562 (-13246.1,8828.99) 15918.8
2578 (-14229.9,9528.05) 17125.2
2593 (-14472.5,9895.29) 17532
2609 (-13569.6,9198.49) 16393.5
2625 (-14780.2,8850.55) 17227.5
2640 (-15289.3,8619.99) 17551.8
2656 (-13719,7780.14) 15771.6
2671 (-15800.1,10402.3) 18916.9
2687 (-15542.5,7397.53) 17213.1
2703 (-12818.4,7012.02) 14610.9
2718 (-14361.4,7966.48) 16423
2734 (-16871.6,7625.85) 18514.9
2750 (-14222.2,7708.67) 16177
2765 (-14405.4,8462.86) 16707.4
2781 (-12826.6,5497.99) 13955.3
2796 (-13544,5854.92) 14755.3
2812 (-14423.7,6415.23) 15786.1
2828 (-16243.2,8103.71) 18152.5
2843 (-12492.6,6550.82) 14106
2859 (-13617.8,7544.69) 15568.1
2875 (-13829.7,8762.24) 16371.9
2890 (-11088.9,6574.64) 12891.5
2906 (-12793.3,6567.65) 14380.6
2921 (-13506.8,5077.87) 14429.8
2937 (-14129.6,5509.5) 15165.8
2953 (-15790.2,6234.48) 16976.4
2968 (-13685.2,7886.51) 15795
2984 (-14297.7,5591.38) 15352.1
3000 (-12544.7,4583.68) 13355.9
3015 (-15122,5244.58) 16005.6
3031 (-14043.5,7976.75) 16150.8
3046 (-15965.6,6562.53) 17261.7
3062 (-9534.11,3877.91) 10292.6
3078 (-13424.9,6355.45) 14853.3
3093 (-15019.2,5794.03) 16098.1
3109 (-14209.2,5620.39) 15280.4
3125 (-14722.3,4094.89) 15281.2
3140 (-13477.7,4127.35) 14095.5
3156 (-11779.7,3987.03) 12436.2
3171 (-14087.2,2439.77) 14297
3187 (-13236.5,3908.74) 13801.6
3203 (-14822.8,5484.69) 15805
3218 (-14831.2,3078.7) 15147.4
3234 (-12356.8,3129.7) 12747
3250 (-14507.7,4529.09) 15198.3
3265 (-14989.2,3401.98) 15370.5
3281 (-13309.6,3340.13) 13722.4
3296 (-11632.3,4827.83) 12594.3
3312 (-11717.9,3773.58) 12310.5
3328 (-14336.4,2670.6) 14583
3343 (-14732,5152.19) 15606.9
3359 (-13764,2478.95) 13985.5
3375 (-14993.2,2662.49) 15227.8
3390 (-10941.8,3228.29) 11408.1
3406 (-12684.4,4671.45) 13517.2
3421 (-12640.5,853.991) 12669.4
3437 (-11957.7,3321.71) 12410.5
3453 (-14760.3,773.569) 14780.5
3468 (-13123.8,2175.05) 13302.8
3484 (-12771.9,384.132) 12777.7
3500 (-14261.2,2827.29) 14538.8
3515 (-12530.4,1808.16) 12660.1
3531 (-12311.1,2721.24) 12608.2
3546 (-12073.4,3702.64) 12628.4
3562 (-12252.2,3304.14) 12689.9
3578 (-11020.3,400.866) 11027.6
3593 (-13638.4,-173.116) 13639.5
3609 (-13616.1,-706.885) 13634.4
3625 (-13643.9,2912.43) 13951.3
3640 (-11028.5,2785.06) 11374.8
3656 (-11644.5,1877.66) 11794.9
3671 (-15338.2,724.097) 15355.2
3687 (-12380.4,1451.02) 12465.2
3703 (-12228.4,3195.47) 12639.1
3718 (-12204.1,1689.77) 12320.6
3734 (-14010.2,1672.82) 14109.8
3750 (-13578.8,495.671) 13587.9
3765 (-12919,1950.5) 13065.4
3781 (-12837.5,2546.36) 13087.6
3796 (-12176.1,464.868) 12185
3812 (-10652.4,-296.32) 10656.5
3828 (-13139.3,774.707) 13162.2
3843 (-12169.6,103.849) 12170.1
3859 (-10499,1299.55) 10579.1
3875 (-13704.5,584.102) 13716.9
3890 (-13068.1,358.998) 13073.1
3906 (-13679.1,-334.863) 13683.2
3921 (-15482.9,-477.395) 15490.3
3937 (-11801,1114.65) 11853.5
3953 (-11264.3,-784.34) 11291.6
3968 (-13250.9,-2218.35) 13435.3
3984 (-12519.4,1735.4) 12639.1
